      1	0.2951	0.5974	-0.7457
      1	0.7357	-0.6400	-0.2216
      1	-0.6096	-0.4832	-0.6284
      2	0.2803	0.6957	-0.6614
      2	0.7687	-0.5753	-0.2793
      2	-0.5749	-0.4301	-0.6961
      3	0.2594	0.7823	-0.5663
      3	0.7998	-0.5027	-0.3281
      3	-0.5414	-0.3677	-0.7561
      4	0.2328	0.8558	-0.4619
      4	0.8282	-0.4234	-0.3671
      4	-0.5097	-0.2971	-0.8074
      5	0.2009	0.9149	-0.3502
      5	0.8537	-0.3388	-0.3955
      5	-0.4805	-0.2195	-0.8491
      6	0.1642	0.9585	-0.2330
      6	0.8756	-0.2504	-0.4130
      6	-0.4542	-0.1362	-0.8804
      7	0.1233	0.9860	-0.1123
      7	0.8938	-0.1595	-0.4192
      7	-0.4313	-0.0487	-0.9009
      8	0.0791	0.9968	0.0098
      8	0.9077	-0.0679	-0.4141
      8	-0.4121	0.0417	-0.9102
      9	0.0322	0.9908	0.1313
      9	0.9173	0.0229	-0.3976
      9	-0.3970	0.1332	-0.9081
     10	-0.0166	0.9681	0.2500
     10	0.9223	0.1114	-0.3702
     10	-0.3862	0.2244	-0.8947
     11	-0.0664	0.9290	0.3640
     11	0.9226	0.1961	-0.3322
     11	-0.3800	0.3137	-0.8702
     12	-0.1164	0.8743	0.4712
     12	0.9183	0.2755	-0.2843
     12	-0.3784	0.3996	-0.8350
     13	-0.1658	0.8049	0.5699
     13	0.9094	0.3483	-0.2273
     13	-0.3814	0.4806	-0.7897
     14	-0.2136	0.7218	0.6583
     14	0.8961	0.4131	-0.1623
     14	-0.3891	0.5552	-0.7351
     15	-0.2590	0.6267	0.7349
     15	0.8786	0.4690	-0.0902
     15	-0.4012	0.6223	-0.6721
     16	-0.3014	0.5211	0.7985
     16	0.8572	0.5149	-0.0125
     16	-0.4176	0.6807	-0.6019
     17	-0.3399	0.4068	0.8479
     17	0.8322	0.5500	0.0697
     17	-0.4380	0.7294	-0.5255
     18	-0.3739	0.2858	0.8823
     18	0.8042	0.5738	0.1550
     18	-0.4620	0.7675	-0.4444
     19	-0.4028	0.1601	0.9012
     19	0.7735	0.5859	0.2417
     19	-0.4893	0.7944	-0.3598
     20	-0.4262	0.0319	0.9041
     20	0.7407	0.5860	0.3285
     20	-0.5193	0.8097	-0.2733
     21	-0.4436	-0.0967	0.8910
     21	0.7064	0.5741	0.4140
     21	-0.5516	0.8130	-0.1864
     22	-0.4547	-0.2233	0.8622
     22	0.6711	0.5505	0.4965
     22	-0.5855	0.8044	-0.1004
     23	-0.4593	-0.3459	0.8182
     23	0.6355	0.5155	0.5748
     23	-0.6206	0.7839	-0.0170
     24	-0.4574	-0.4624	0.7596
     24	0.6001	0.4698	0.6474
     24	-0.6562	0.7520	0.0626
     25	-0.4490	-0.5707	0.6876
     25	0.5656	0.4141	0.7131
     25	-0.6917	0.7091	0.1368
     26	-0.4342	-0.6690	0.6033
     26	0.5326	0.3494	0.7709
     26	-0.7265	0.6560	0.2046
     27	-0.4133	-0.7556	0.5081
     27	0.5016	0.2768	0.8196
     27	-0.7600	0.5937	0.2646
     28	-0.3867	-0.8291	0.4038
     28	0.4731	0.1975	0.8586
     28	-0.7916	0.5231	0.3159
     29	-0.3548	-0.8882	0.2921
     29	0.4477	0.1129	0.8870
     29	-0.8208	0.4454	0.3575
     30	-0.3181	-0.9318	0.1749
     30	0.4257	0.0244	0.9045
     30	-0.8471	0.3621	0.3889
     31	-0.2772	-0.9593	0.0542
     31	0.4076	-0.0664	0.9108
     31	-0.8701	0.2746	0.4094
     32	-0.2330	-0.9701	-0.0680
     32	0.3936	-0.1580	0.9056
     32	-0.8893	0.1842	0.4187
     33	-0.1861	-0.9641	-0.1894
     33	0.3841	-0.2488	0.8891
     33	-0.9044	0.0927	0.4166
     34	-0.1373	-0.9414	-0.3082
     34	0.3791	-0.3373	0.8617
     34	-0.9151	0.0015	0.4032
     35	-0.0875	-0.9023	-0.4221
     35	0.3787	-0.4220	0.8237
     35	-0.9214	-0.0878	0.3786
     36	-0.0375	-0.8476	-0.5293
     36	0.3830	-0.5014	0.7758
     36	-0.9230	-0.1737	0.3434
     37	0.0119	-0.7781	-0.6280
     37	0.3919	-0.5742	0.7188
     37	-0.9199	-0.2546	0.2981
     38	0.0597	-0.6951	-0.7164
     38	0.4052	-0.6390	0.6538
     38	-0.9123	-0.3293	0.2436
     39	0.1051	-0.6000	-0.7931
     39	0.4227	-0.6949	0.5818
     39	-0.9001	-0.3964	0.1806
     40	0.1475	-0.4944	-0.8566
     40	0.4441	-0.7408	0.5040
     40	-0.8837	-0.4548	0.1103
     41	0.1860	-0.3801	-0.9061
     41	0.4691	-0.7759	0.4218
     41	-0.8633	-0.5035	0.0340
     42	0.2200	-0.2590	-0.9405
     42	0.4971	-0.7997	0.3366
     42	-0.8393	-0.5416	-0.0472
     43	0.2489	-0.1333	-0.9593
     43	0.5278	-0.8118	0.2498
     43	-0.8121	-0.5685	-0.1317
     44	0.2723	-0.0051	-0.9622
     44	0.5606	-0.8119	0.1630
     44	-0.7820	-0.5838	-0.2182
     45	0.2897	0.1234	-0.9491
     45	0.5949	-0.8000	0.0776
     45	-0.7498	-0.5871	-0.3052
     46	0.3008	0.2500	-0.9203
     46	0.6302	-0.7764	-0.0050
     46	-0.7158	-0.5785	-0.3911
     47	0.3054	0.3726	-0.8763
     47	0.6658	-0.7415	-0.0832
     47	-0.6807	-0.5580	-0.4746
     48	0.3035	0.4891	-0.8177
     48	0.7012	-0.6957	-0.1558
     48	-0.6451	-0.5261	-0.5541
     49	0.3725	0.6529	-0.6595
     49	0.6836	-0.6737	-0.2808
     49	-0.6276	-0.3462	-0.6973
     50	0.3636	0.7414	-0.5641
     50	0.7242	-0.6058	-0.3294
     50	-0.5859	-0.2888	-0.7572
     51	0.3471	0.8175	-0.4596
     51	0.7632	-0.5310	-0.3681
     51	-0.5450	-0.2230	-0.8083
     52	0.3234	0.8801	-0.3477
     52	0.7999	-0.4506	-0.3963
     52	-0.5055	-0.1500	-0.8497
     53	0.2929	0.9280	-0.2304
     53	0.8337	-0.3658	-0.4136
     53	-0.4681	-0.0709	-0.8808
     54	0.2562	0.9604	-0.1096
     54	0.8640	-0.2783	-0.4196
     54	-0.4334	0.0128	-0.9011
     55	0.2137	0.9768	0.0126
     55	0.8903	-0.1895	-0.4141
     55	-0.4022	0.0997	-0.9101
     56	0.1664	0.9769	0.1340
     56	0.9121	-0.1008	-0.3974
     56	-0.3748	0.1883	-0.9078
     57	0.1149	0.9607	0.2527
     57	0.9290	-0.0139	-0.3697
     57	-0.3517	0.2772	-0.8941
     58	0.0602	0.9285	0.3665
     58	0.9409	0.0699	-0.3315
     58	-0.3334	0.3648	-0.8694
     59	0.0031	0.8808	0.4736
     59	0.9474	0.1490	-0.2834
     59	-0.3202	0.4495	-0.8339
     60	-0.0552	0.8184	0.5720
     60	0.9484	0.2221	-0.2263
     60	-0.3122	0.5300	-0.7884
     61	-0.1139	0.7424	0.6602
     61	0.9440	0.2880	-0.1610
     61	-0.3097	0.6049	-0.7336
     62	-0.1719	0.6541	0.7366
     62	0.9342	0.3455	-0.0889
     62	-0.3126	0.6728	-0.6705
     63	-0.2282	0.5551	0.7999
     63	0.9192	0.3937	-0.0110
     63	-0.3210	0.7327	-0.6001
     64	-0.2819	0.4469	0.8490
     64	0.8992	0.4317	0.0713
     64	-0.3346	0.7835	-0.5236
     65	-0.3321	0.3315	0.8831
     65	0.8746	0.4589	0.1566
     65	-0.3533	0.8243	-0.4423
     66	-0.3778	0.2109	0.9016
     66	0.8458	0.4747	0.2434
     66	-0.3767	0.8545	-0.3577
     67	-0.4184	0.0870	0.9041
     67	0.8133	0.4791	0.3302
     67	-0.4044	0.8735	-0.2712
     68	-0.4530	-0.0379	0.8907
     68	0.7776	0.4718	0.4156
     68	-0.4359	0.8809	-0.1842
     69	-0.4812	-0.1618	0.8615
     69	0.7394	0.4529	0.4981
     69	-0.4708	0.8767	-0.0983
     70	-0.5024	-0.2825	0.8172
     70	0.6994	0.4229	0.5762
     70	-0.5084	0.8610	-0.0149
     71	-0.5163	-0.3980	0.7583
     71	0.6581	0.3822	0.6487
     71	-0.5480	0.8340	0.0645
     72	-0.5227	-0.5062	0.6860
     72	0.6163	0.3316	0.7143
     72	-0.5890	0.7961	0.1387
     73	-0.5214	-0.6054	0.6014
     73	0.5747	0.2718	0.7719
     73	-0.6308	0.7481	0.2063
     74	-0.5124	-0.6938	0.5060
     74	0.5341	0.2039	0.8204
     74	-0.6724	0.6907	0.2661
     75	-0.4959	-0.7700	0.4015
     75	0.4951	0.1291	0.8592
     75	-0.7134	0.6249	0.3172
     76	-0.4722	-0.8325	0.2896
     76	0.4584	0.0487	0.8874
     76	-0.7529	0.5518	0.3587
     77	-0.4417	-0.8804	0.1723
     77	0.4246	-0.0360	0.9046
     77	-0.7903	0.4728	0.3898
     78	-0.4050	-0.9129	0.0515
     78	0.3944	-0.1235	0.9106
     78	-0.8249	0.3891	0.4100
     79	-0.3625	-0.9293	-0.0706
     79	0.3681	-0.2124	0.9052
     79	-0.8562	0.3022	0.4191
     80	-0.3152	-0.9294	-0.1921
     80	0.3463	-0.3011	0.8885
     80	-0.8836	0.2135	0.4167
     81	-0.2637	-0.9132	-0.3107
     81	0.3293	-0.3880	0.8608
     81	-0.9066	0.1247	0.4031
     82	-0.2090	-0.8809	-0.4246
     82	0.3175	-0.4718	0.8226
     82	-0.9249	0.0371	0.3783
     83	-0.1520	-0.8332	-0.5316
     83	0.3110	-0.5509	0.7745
     83	-0.9382	-0.0477	0.3429
     84	-0.0936	-0.7709	-0.6301
     84	0.3100	-0.6240	0.7173
     84	-0.9461	-0.1282	0.2974
     85	-0.0349	-0.6949	-0.7183
     85	0.3144	-0.6899	0.6521
     85	-0.9487	-0.2030	0.2426
     86	0.0231	-0.6066	-0.7947
     86	0.3242	-0.7474	0.5799
     86	-0.9457	-0.2710	0.1794
     87	0.0794	-0.5075	-0.8580
     87	0.3392	-0.7956	0.5020
     87	-0.9374	-0.3309	0.1090
     88	0.1331	-0.3994	-0.9071
     88	0.3592	-0.8336	0.4197
     88	-0.9237	-0.3817	0.0325
     89	0.1832	-0.2840	-0.9411
     89	0.3838	-0.8607	0.3345
     89	-0.9051	-0.4225	-0.0487
     90	0.2290	-0.1633	-0.9596
     90	0.4126	-0.8766	0.2477
     90	-0.8817	-0.4526	-0.1333
     91	0.2695	-0.0395	-0.9622
     91	0.4451	-0.8809	0.1608
     91	-0.8540	-0.4716	-0.2199
     92	0.3042	0.0854	-0.9488
     92	0.4807	-0.8736	0.0755
     92	-0.8224	-0.4790	-0.3068
     93	0.3324	0.2093	-0.9196
     93	0.5189	-0.8548	-0.0070
     93	-0.7876	-0.4749	-0.3928
     94	0.3536	0.3300	-0.8752
     94	0.5590	-0.8248	-0.0852
     94	-0.7500	-0.4591	-0.4761
     95	0.3675	0.4455	-0.8164
     95	0.6003	-0.7841	-0.1577
     95	-0.7103	-0.4321	-0.5556
     96	0.3739	0.5538	-0.7440
     96	0.6421	-0.7334	-0.2232
     96	-0.6693	-0.3942	-0.6298
     97	0.3884	0.5115	-0.7665
     97	0.7414	-0.6675	-0.0697
     97	-0.5473	-0.5412	-0.6384
     98	0.3666	0.6184	-0.6951
     98	0.7820	-0.6096	-0.1299
     98	-0.5041	-0.4960	-0.7070
     99	0.3373	0.7148	-0.6126
     99	0.8198	-0.5429	-0.1822
     99	-0.4628	-0.4407	-0.7691
    100	0.3010	0.7993	-0.5201
    100	0.8541	-0.4686	-0.2258
    100	-0.4242	-0.3763	-0.8237
    101	0.2582	0.8703	-0.4195
    101	0.8843	-0.3877	-0.2600
    101	-0.3889	-0.3038	-0.8697
    102	0.2098	0.9265	-0.3123
    102	0.9100	-0.3019	-0.2841
    102	-0.3575	-0.2246	-0.9065
    103	0.1566	0.9671	-0.2005
    103	0.9307	-0.2124	-0.2977
    103	-0.3305	-0.1400	-0.9334
    104	0.0994	0.9913	-0.0859
    104	0.9460	-0.1209	-0.3007
    104	-0.3084	-0.0514	-0.9499
    105	0.0393	0.9988	0.0295
    105	0.9557	-0.0289	-0.2929
    105	-0.2916	0.0397	-0.9557
    106	-0.0227	0.9893	0.1438
    106	0.9596	0.0619	-0.2744
    106	-0.2804	0.1317	-0.9508
    107	-0.0856	0.9632	0.2549
    107	0.9576	0.1502	-0.2457
    107	-0.2749	0.2231	-0.9352
    108	-0.1483	0.9207	0.3610
    108	0.9498	0.2343	-0.2072
    108	-0.2753	0.3122	-0.9092
    109	-0.2097	0.8626	0.4603
    109	0.9363	0.3128	-0.1595
    109	-0.2816	0.3975	-0.8733
    110	-0.2688	0.7900	0.5510
    110	0.9174	0.3843	-0.1035
    110	-0.2935	0.4777	-0.8280
    111	-0.3245	0.7041	0.6317
    111	0.8933	0.4477	-0.0401
    111	-0.3111	0.5512	-0.7742
    112	-0.3759	0.6063	0.7008
    112	0.8645	0.5018	0.0295
    112	-0.3338	0.6169	-0.7127
    113	-0.4221	0.4983	0.7573
    113	0.8314	0.5458	0.1043
    113	-0.3614	0.6737	-0.6447
    114	-0.4623	0.3820	0.8002
    114	0.7947	0.5788	0.1828
    114	-0.3934	0.7205	-0.5711
    115	-0.4959	0.2593	0.8288
    115	0.7549	0.6004	0.2639
    115	-0.4291	0.7565	-0.4935
    116	-0.5223	0.1324	0.8425
    116	0.7128	0.6101	0.3460
    116	-0.4682	0.7812	-0.4130
    117	-0.5409	0.0034	0.8411
    117	0.6690	0.6077	0.4278
    117	-0.5097	0.7941	-0.3310
    118	-0.5516	-0.1255	0.8246
    118	0.6244	0.5934	0.5079
    118	-0.5531	0.7951	-0.2489
    119	-0.5540	-0.2521	0.7934
    119	0.5796	0.5673	0.5850
    119	-0.5976	0.7840	-0.1682
    120	-0.5483	-0.3741	0.7480
    120	0.5355	0.5300	0.6576
    120	-0.6424	0.7610	-0.0903
    121	-0.5344	-0.4895	0.6891
    121	0.4927	0.4820	0.7245
    121	-0.6868	0.7267	-0.0163
    122	-0.5126	-0.5964	0.6177
    122	0.4521	0.4241	0.7847
    122	-0.7300	0.6815	0.0523
    123	-0.4832	-0.6929	0.5351
    123	0.4143	0.3574	0.8370
    123	-0.7712	0.6262	0.1144
    124	-0.4469	-0.7774	0.4427
    124	0.3800	0.2830	0.8806
    124	-0.8099	0.5618	0.1689
    125	-0.4042	-0.8483	0.3421
    125	0.3497	0.2022	0.9148
    125	-0.8452	0.4894	0.2150
    126	-0.3558	-0.9046	0.2349
    126	0.3240	0.1164	0.9389
    126	-0.8766	0.4101	0.2517
    127	-0.3025	-0.9452	0.1231
    127	0.3034	0.0269	0.9525
    127	-0.9036	0.3255	0.2786
    128	-0.2454	-0.9694	0.0084
    128	0.2880	-0.0646	0.9554
    128	-0.9256	0.2369	0.2951
    129	-0.1852	-0.9769	-0.1070
    129	0.2784	-0.1566	0.9476
    129	-0.9424	0.1458	0.3009
    130	-0.1232	-0.9674	-0.2212
    130	0.2745	-0.2475	0.9292
    130	-0.9537	0.0538	0.2960
    131	-0.0603	-0.9412	-0.3324
    131	0.2764	-0.3357	0.9005
    131	-0.9591	-0.0376	0.2804
    132	0.0024	-0.8987	-0.4385
    132	0.2842	-0.4198	0.8620
    132	-0.9587	-0.1267	0.2545
    133	0.0638	-0.8407	-0.5377
    133	0.2977	-0.4983	0.8143
    133	-0.9525	-0.2120	0.2185
    134	0.1228	-0.7681	-0.6285
    134	0.3167	-0.5698	0.7583
    134	-0.9405	-0.2922	0.1733
    135	0.1785	-0.6821	-0.7091
    135	0.3408	-0.6332	0.6949
    135	-0.9230	-0.3657	0.1194
    136	0.2299	-0.5843	-0.7783
    136	0.3696	-0.6873	0.6253
    136	-0.9003	-0.4314	0.0579
    137	0.2761	-0.4763	-0.8348
    137	0.4027	-0.7313	0.5505
    137	-0.8727	-0.4882	-0.0101
    138	0.3164	-0.3600	-0.8777
    138	0.4394	-0.7643	0.4719
    138	-0.8407	-0.5350	-0.0836
    139	0.3500	-0.2373	-0.9062
    139	0.4792	-0.7859	0.3909
    139	-0.8049	-0.5710	-0.1613
    140	0.3763	-0.1104	-0.9199
    140	0.5213	-0.7956	0.3087
    140	-0.7659	-0.5957	-0.2418
    141	0.3950	0.0186	-0.9185
    141	0.5650	-0.7932	0.2269
    141	-0.7244	-0.6086	-0.3238
    142	0.4056	0.1475	-0.9021
    142	0.6097	-0.7789	0.1468
    142	-0.6810	-0.6095	-0.4058
    143	0.4081	0.2740	-0.8709
    143	0.6545	-0.7529	0.0698
    143	-0.6365	-0.5985	-0.4865
    144	0.4023	0.3960	-0.8254
    144	0.6986	-0.7155	-0.0028
    144	-0.5917	-0.5755	-0.5645
    145	0.4511	0.5702	-0.6866
    145	0.6909	-0.7101	-0.1357
    145	-0.5649	-0.4132	-0.7143
    146	0.4351	0.6688	-0.6029
    146	0.7378	-0.6486	-0.1871
    146	-0.5162	-0.3634	-0.7756
    147	0.4104	0.7563	-0.5095
    147	0.7822	-0.5792	-0.2297
    147	-0.4688	-0.3043	-0.8292
    148	0.3774	0.8313	-0.4081
    148	0.8234	-0.5029	-0.2628
    148	-0.4236	-0.2368	-0.8743
    149	0.3368	0.8924	-0.3003
    149	0.8608	-0.4211	-0.2857
    149	-0.3815	-0.1623	-0.9100
    150	0.2893	0.9386	-0.1881
    150	0.8937	-0.3352	-0.2982
    150	-0.3430	-0.0818	-0.9358
    151	0.2355	0.9691	-0.0733
    151	0.9215	-0.2466	-0.3000
    151	-0.3088	0.0031	-0.9511
    152	0.1765	0.9834	0.0420
    152	0.9437	-0.1570	-0.2910
    152	-0.2796	0.0911	-0.9558
    153	0.1133	0.9812	0.1560
    153	0.9601	-0.0677	-0.2715
    153	-0.2558	0.1806	-0.9497
    154	0.0470	0.9626	0.2667
    154	0.9702	0.0196	-0.2417
    154	-0.2379	0.2701	-0.9330
    155	-0.0214	0.9279	0.3721
    155	0.9739	0.1035	-0.2021
    155	-0.2261	0.3581	-0.9059
    156	-0.0906	0.8777	0.4705
    156	0.9712	0.1825	-0.1535
    156	-0.2206	0.4430	-0.8689
    157	-0.1594	0.8129	0.5602
    157	0.9620	0.2553	-0.0967
    157	-0.2216	0.5235	-0.8227
    158	-0.2268	0.7345	0.6396
    158	0.9466	0.3206	-0.0326
    158	-0.2290	0.5981	-0.7680
    159	-0.2914	0.6439	0.7074
    159	0.9253	0.3774	0.0377
    159	-0.2427	0.6656	-0.7058
    160	-0.3523	0.5426	0.7625
    160	0.8983	0.4246	0.1129
    160	-0.2625	0.7248	-0.6371
    161	-0.4084	0.4325	0.8039
    161	0.8662	0.4614	0.1918
    161	-0.2880	0.7746	-0.5630
    162	-0.4587	0.3153	0.8308
    162	0.8295	0.4873	0.2730
    162	-0.3188	0.8143	-0.4850
    163	-0.5023	0.1930	0.8428
    163	0.7887	0.5017	0.3552
    163	-0.3543	0.8432	-0.4043
    164	-0.5386	0.0679	0.8398
    164	0.7448	0.5045	0.4369
    164	-0.3940	0.8608	-0.3222
    165	-0.5669	-0.0581	0.8218
    165	0.6982	0.4955	0.5167
    165	-0.4372	0.8667	-0.2403
    166	-0.5866	-0.1827	0.7890
    166	0.6500	0.4749	0.5933
    166	-0.4831	0.8609	-0.1598
    167	-0.5976	-0.3038	0.7420
    167	0.6008	0.4431	0.6653
    167	-0.5310	0.8434	-0.0823
    168	-0.5995	-0.4194	0.6817
    168	0.5516	0.4007	0.7316
    168	-0.5799	0.8146	-0.0089
    169	-0.5924	-0.5274	0.6091
    169	0.5032	0.3483	0.7909
    169	-0.6292	0.7750	0.0591
    170	-0.5763	-0.6260	0.5254
    170	0.4563	0.2868	0.8423
    170	-0.6780	0.7252	0.1204
    171	-0.5516	-0.7135	0.4320
    171	0.4119	0.2173	0.8849
    171	-0.7253	0.6661	0.1740
    172	-0.5187	-0.7885	0.3306
    172	0.3707	0.1411	0.9180
    172	-0.7705	0.5987	0.2191
    173	-0.4780	-0.8496	0.2228
    173	0.3333	0.0593	0.9410
    173	-0.8126	0.5241	0.2548
    174	-0.4305	-0.8958	0.1106
    174	0.3004	-0.0266	0.9534
    174	-0.8511	0.4437	0.2806
    175	-0.3767	-0.9263	-0.0042
    175	0.2726	-0.1152	0.9552
    175	-0.8853	0.3587	0.2959
    176	-0.3178	-0.9406	-0.1195
    176	0.2504	-0.2048	0.9462
    176	-0.9145	0.2708	0.3006
    177	-0.2546	-0.9384	-0.2335
    177	0.2340	-0.2941	0.9267
    177	-0.9383	0.1812	0.2945
    178	-0.1882	-0.9199	-0.3442
    178	0.2239	-0.3814	0.8969
    178	-0.9563	0.0917	0.2778
    179	-0.1199	-0.8852	-0.4496
    179	0.2202	-0.4653	0.8573
    179	-0.9681	0.0037	0.2507
    180	-0.0507	-0.8350	-0.5480
    180	0.2230	-0.5443	0.8087
    180	-0.9735	-0.0812	0.2137
    181	0.0182	-0.7701	-0.6377
    181	0.2321	-0.6171	0.7519
    181	-0.9725	-0.1617	0.1675
    182	0.0855	-0.6917	-0.7171
    182	0.2475	-0.6824	0.6878
    182	-0.9651	-0.2363	0.1128
    183	0.1502	-0.6011	-0.7849
    183	0.2688	-0.7392	0.6175
    183	-0.9514	-0.3038	0.0505
    184	0.2111	-0.4998	-0.8400
    184	0.2958	-0.7864	0.5423
    184	-0.9316	-0.3629	-0.0182
    185	0.2672	-0.3897	-0.8813
    185	0.3279	-0.8232	0.4634
    185	-0.9061	-0.4128	-0.0922
    186	0.3175	-0.2725	-0.9083
    186	0.3647	-0.8491	0.3822
    186	-0.8754	-0.4525	-0.1702
    187	0.3611	-0.1502	-0.9203
    187	0.4054	-0.8635	0.3000
    187	-0.8398	-0.4814	-0.2509
    188	0.3974	-0.0251	-0.9173
    188	0.4494	-0.8663	0.2183
    188	-0.8001	-0.4990	-0.3330
    189	0.4256	0.1009	-0.8992
    189	0.4959	-0.8573	0.1385
    189	-0.7569	-0.5049	-0.4149
    190	0.4454	0.2255	-0.8665
    190	0.5441	-0.8367	0.0619
    190	-0.7110	-0.4991	-0.4954
    191	0.4563	0.3466	-0.8195
    191	0.5933	-0.8049	-0.0101
    191	-0.6632	-0.4816	-0.5730
    192	0.4583	0.4622	-0.7592
    192	0.6425	-0.7625	-0.0763
    192	-0.6142	-0.4528	-0.6463
    193	0.4601	0.6818	-0.5687
    193	0.6319	-0.7014	-0.3297
    193	-0.6237	-0.2077	-0.7536
    194	0.4548	0.7599	-0.4645
    194	0.6807	-0.6329	-0.3689
    194	-0.5743	-0.1484	-0.8051
    195	0.4405	0.8256	-0.3528
    195	0.7281	-0.5584	-0.3976
    195	-0.5253	-0.0817	-0.8470
    196	0.4174	0.8777	-0.2355
    196	0.7732	-0.4792	-0.4154
    196	-0.4774	-0.0087	-0.8786
    197	0.3861	0.9153	-0.1147
    197	0.8153	-0.3967	-0.4219
    197	-0.4316	0.0693	-0.8994
    198	0.3469	0.9379	0.0075
    198	0.8536	-0.3124	-0.4169
    198	-0.3887	0.1511	-0.9089
    199	0.3006	0.9450	0.1292
    199	0.8875	-0.2275	-0.4007
    199	-0.3493	0.2351	-0.9071
    200	0.2479	0.9365	0.2481
    200	0.9165	-0.1436	-0.3734
    200	-0.3141	0.3199	-0.8939
    201	0.1897	0.9126	0.3623
    201	0.9399	-0.0622	-0.3356
    201	-0.2837	0.4042	-0.8695
    202	0.1272	0.8736	0.4698
    202	0.9575	0.0154	-0.2879
    202	-0.2587	0.4864	-0.8345
    203	0.0612	0.8202	0.5687
    203	0.9690	0.0879	-0.2310
    203	-0.2395	0.5652	-0.7894
    204	-0.0070	0.7534	0.6575
    204	0.9740	0.1540	-0.1661
    204	-0.2264	0.6392	-0.7349
    205	-0.0763	0.6743	0.7345
    205	0.9726	0.2126	-0.0941
    205	-0.2196	0.7072	-0.6721
    206	-0.1455	0.5842	0.7984
    206	0.9647	0.2627	-0.0164
    206	-0.2193	0.7679	-0.6019
    207	-0.2135	0.4847	0.8482
    207	0.9506	0.3034	0.0659
    207	-0.2254	0.8204	-0.5255
    208	-0.2789	0.3775	0.8830
    208	0.9304	0.3340	0.1511
    208	-0.2379	0.8637	-0.4444
    209	-0.3408	0.2644	0.9022
    209	0.9045	0.3540	0.2379
    209	-0.2565	0.8971	-0.3598
    210	-0.3981	0.1474	0.9054
    210	0.8733	0.3631	0.3249
    210	-0.2809	0.9200	-0.2733
    211	-0.4498	0.0284	0.8927
    211	0.8373	0.3611	0.4104
    211	-0.3107	0.9321	-0.1862
    212	-0.4950	-0.0905	0.8642
    212	0.7973	0.3481	0.4931
    212	-0.3454	0.9331	-0.1001
    213	-0.5329	-0.2073	0.8204
    213	0.7538	0.3242	0.5716
    213	-0.3844	0.9230	-0.0165
    214	-0.5630	-0.3199	0.7621
    214	0.7076	0.2899	0.6444
    214	-0.4270	0.9020	0.0632
    215	-0.5845	-0.4265	0.6902
    215	0.6595	0.2457	0.7104
    215	-0.4726	0.8705	0.1377
    216	-0.5973	-0.5252	0.6061
    216	0.6104	0.1925	0.7684
    216	-0.5202	0.8289	0.2056
    217	-0.6011	-0.6144	0.5110
    217	0.5610	0.1311	0.8174
    217	-0.5692	0.7780	0.2659
    218	-0.5958	-0.6925	0.4068
    218	0.5122	0.0625	0.8566
    218	-0.6186	0.7187	0.3174
    219	-0.5815	-0.7581	0.2951
    219	0.4648	-0.0120	0.8853
    219	-0.6676	0.6520	0.3593
    220	-0.5585	-0.8102	0.1778
    220	0.4197	-0.0911	0.9031
    220	-0.7155	0.5790	0.3909
    221	-0.5271	-0.8479	0.0570
    221	0.3776	-0.1736	0.9095
    221	-0.7613	0.5010	0.4117
    222	-0.4880	-0.8704	-0.0652
    222	0.3393	-0.2580	0.9046
    222	-0.8042	0.4193	0.4212
    223	-0.4416	-0.8775	-0.1868
    223	0.3054	-0.3428	0.8884
    223	-0.8436	0.3353	0.4194
    224	-0.3889	-0.8690	-0.3058
    224	0.2764	-0.4267	0.8611
    224	-0.8788	0.2504	0.4062
    225	-0.3308	-0.8451	-0.4200
    225	0.2530	-0.5081	0.8233
    225	-0.9092	0.1661	0.3819
    226	-0.2682	-0.8061	-0.5275
    226	0.2354	-0.5858	0.7756
    226	-0.9342	0.0839	0.3468
    227	-0.2023	-0.7528	-0.6264
    227	0.2239	-0.6583	0.7187
    227	-0.9534	0.0051	0.3017
    228	-0.1341	-0.6860	-0.7152
    228	0.2189	-0.7244	0.6538
    228	-0.9665	-0.0689	0.2473
    229	-0.0647	-0.6069	-0.7922
    229	0.2203	-0.7829	0.5818
    229	-0.9733	-0.1368	0.1844
    230	0.0045	-0.5168	-0.8561
    230	0.2281	-0.8330	0.5040
    230	-0.9736	-0.1976	0.1142
    231	0.0724	-0.4173	-0.9059
    231	0.2423	-0.8737	0.4218
    231	-0.9675	-0.2500	0.0379
    232	0.1379	-0.3101	-0.9407
    232	0.2625	-0.9043	0.3366
    232	-0.9550	-0.2933	-0.0433
    233	0.1998	-0.1970	-0.9598
    233	0.2884	-0.9244	0.2497
    233	-0.9364	-0.3267	-0.1278
    234	0.2571	-0.0799	-0.9631
    234	0.3196	-0.9335	0.1628
    234	-0.9120	-0.3497	-0.2144
    235	0.3087	0.0391	-0.9503
    235	0.3556	-0.9315	0.0772
    235	-0.8822	-0.3617	-0.3015
    236	0.3539	0.1579	-0.9218
    236	0.3956	-0.9184	-0.0055
    236	-0.8475	-0.3628	-0.3875
    237	0.3919	0.2747	-0.8781
    237	0.4391	-0.8945	-0.0839
    237	-0.8085	-0.3527	-0.4712
    238	0.4219	0.3874	-0.8197
    238	0.4853	-0.8602	-0.1567
    238	-0.7658	-0.3317	-0.5509
    239	0.4435	0.4940	-0.7479
    239	0.5334	-0.8160	-0.2227
    239	-0.7203	-0.3001	-0.6254
    240	0.4563	0.5927	-0.6637
    240	0.5825	-0.7628	-0.2807
    240	-0.6727	-0.2586	-0.6933
    241	0.5528	0.6837	-0.4765
    241	0.5812	-0.7261	-0.3675
    241	-0.5972	-0.0738	-0.7987
    242	0.5490	0.7517	-0.3654
    242	0.6383	-0.6593	-0.3974
    242	-0.5396	-0.0151	-0.8418
    243	0.5346	0.8077	-0.2486
    243	0.6939	-0.5874	-0.4164
    243	-0.4823	0.0501	-0.8746
    244	0.5100	0.8506	-0.1279
    244	0.7472	-0.5118	-0.4241
    244	-0.4262	0.1207	-0.8965
    245	0.4756	0.8797	-0.0056
    245	0.7970	-0.4336	-0.4204
    245	-0.3722	0.1954	-0.9073
    246	0.4319	0.8944	0.1163
    246	0.8427	-0.3542	-0.4054
    246	-0.3214	0.2731	-0.9067
    247	0.3797	0.8946	0.2357
    247	0.8835	-0.2750	-0.3793
    247	-0.2745	0.3523	-0.8948
    248	0.3199	0.8802	0.3506
    248	0.9185	-0.1973	-0.3425
    248	-0.2323	0.4317	-0.8716
    249	0.2534	0.8515	0.4591
    249	0.9474	-0.1225	-0.2958
    249	-0.1956	0.5099	-0.8377
    250	0.1816	0.8089	0.5592
    250	0.9694	-0.0518	-0.2399
    250	-0.1651	0.5856	-0.7936
    251	0.1055	0.7533	0.6492
    251	0.9844	0.0136	-0.1757
    251	-0.1412	0.6576	-0.7401
    252	0.0265	0.6855	0.7276
    252	0.9919	0.0725	-0.1044
    252	-0.1243	0.7245	-0.6780
    253	-0.0541	0.6067	0.7931
    253	0.9919	0.1239	-0.0271
    253	-0.1147	0.7852	-0.6085
    254	-0.1349	0.5182	0.8445
    254	0.9844	0.1670	0.0548
    254	-0.1126	0.8388	-0.5327
    255	-0.2145	0.4217	0.8810
    255	0.9696	0.2010	0.1398
    255	-0.1181	0.8842	-0.4519
    256	-0.2915	0.3186	0.9019
    256	0.9476	0.2253	0.2267
    256	-0.1310	0.9207	-0.3676
    257	-0.3647	0.2109	0.9069
    257	0.9188	0.2396	0.3138
    257	-0.1511	0.9477	-0.2811
    258	-0.4327	0.1002	0.8959
    258	0.8838	0.2435	0.3996
    258	-0.1781	0.9647	-0.1939
    259	-0.4945	-0.0114	0.8691
    259	0.8431	0.2370	0.4828
    259	-0.2115	0.9714	-0.1076
    260	-0.5489	-0.1221	0.8269
    260	0.7974	0.2203	0.5618
    260	-0.2507	0.9678	-0.0236
    261	-0.5951	-0.2299	0.7701
    261	0.7475	0.1935	0.6354
    261	-0.2951	0.9538	0.0567
    262	-0.6321	-0.3331	0.6996
    262	0.6944	0.1572	0.7022
    262	-0.3439	0.9297	0.1319
    263	-0.6595	-0.4299	0.6167
    263	0.6387	0.1120	0.7612
    263	-0.3963	0.8959	0.2007
    264	-0.6767	-0.5185	0.5227
    264	0.5817	0.0587	0.8113
    264	-0.4513	0.8531	0.2619
    265	-0.6835	-0.5976	0.4192
    265	0.5241	-0.0019	0.8517
    265	-0.5081	0.8018	0.3145
    266	-0.6797	-0.6657	0.3081
    266	0.4670	-0.0687	0.8816
    266	-0.5657	0.7431	0.3576
    267	-0.6653	-0.7216	0.1913
    267	0.4114	-0.1405	0.9006
    267	-0.6230	0.6779	0.3904
    268	-0.6407	-0.7645	0.0707
    268	0.3581	-0.2162	0.9083
    268	-0.6791	0.6073	0.4123
    269	-0.6063	-0.7936	-0.0516
    269	0.3083	-0.2944	0.9046
    269	-0.7331	0.5325	0.4231
    270	-0.5626	-0.8083	-0.1736
    270	0.2626	-0.3738	0.8896
    270	-0.7839	0.4549	0.4225
    271	-0.5104	-0.8085	-0.2930
    271	0.2218	-0.4530	0.8635
    271	-0.8308	0.3757	0.4105
    272	-0.4506	-0.7941	-0.4079
    272	0.1868	-0.5307	0.8268
    272	-0.8730	0.2963	0.3874
    273	-0.3842	-0.7654	-0.5163
    273	0.1579	-0.6055	0.7800
    273	-0.9097	0.2181	0.3535
    274	-0.3123	-0.7228	-0.6164
    274	0.1359	-0.6762	0.7241
    274	-0.9402	0.1424	0.3094
    275	-0.2362	-0.6672	-0.7064
    275	0.1209	-0.7416	0.6599
    275	-0.9641	0.0704	0.2559
    276	-0.1572	-0.5994	-0.7849
    276	0.1134	-0.8005	0.5886
    276	-0.9810	0.0035	0.1938
    277	-0.0766	-0.5206	-0.8504
    277	0.1134	-0.8519	0.5113
    277	-0.9906	-0.0572	0.1243
    278	0.0042	-0.4322	-0.9018
    278	0.1209	-0.8950	0.4294
    278	-0.9927	-0.1108	0.0485
    279	0.0838	-0.3356	-0.9383
    279	0.1357	-0.9290	0.3444
    279	-0.9872	-0.1562	-0.0323
    280	0.1608	-0.2325	-0.9592
    280	0.1577	-0.9533	0.2575
    280	-0.9743	-0.1927	-0.1166
    281	0.2340	-0.1248	-0.9642
    281	0.1865	-0.9676	0.1705
    281	-0.9542	-0.2197	-0.2031
    282	0.3020	-0.0141	-0.9532
    282	0.2215	-0.9715	0.0846
    282	-0.9272	-0.2367	-0.2903
    283	0.3638	0.0975	-0.9264
    283	0.2622	-0.9650	0.0014
    283	-0.8938	-0.2435	-0.3766
    284	0.4182	0.2082	-0.8842
    284	0.3079	-0.9482	-0.0776
    284	-0.8546	-0.2398	-0.4606
    285	0.4643	0.3160	-0.8274
    285	0.3578	-0.9215	-0.1512
    285	-0.8102	-0.2258	-0.5409
    286	0.5014	0.4192	-0.7569
    286	0.4109	-0.8852	-0.2180
    286	-0.7614	-0.2017	-0.6161
    287	0.5288	0.5160	-0.6739
    287	0.4666	-0.8400	-0.2770
    287	-0.7090	-0.1679	-0.6849
    288	0.5460	0.6046	-0.5799
    288	0.5236	-0.7866	-0.3271
    288	-0.6540	-0.1251	-0.7461
    289	0.5254	0.6039	-0.5995
    289	0.6386	-0.7454	-0.1912
    289	-0.5623	-0.2824	-0.7772
    290	0.5133	0.6935	-0.5056
    290	0.6924	-0.6827	-0.2335
    290	-0.5071	-0.2303	-0.8306
    291	0.4913	0.7718	-0.4037
    291	0.7441	-0.6128	-0.2661
    291	-0.4528	-0.1697	-0.8753
    292	0.4597	0.8374	-0.2956
    292	0.7926	-0.5370	-0.2887
    292	-0.4005	-0.1016	-0.9106
    293	0.4191	0.8893	-0.1831
    293	0.8373	-0.4566	-0.3007
    293	-0.3510	-0.0273	-0.9360
    294	0.3702	0.9264	-0.0681
    294	0.8774	-0.3728	-0.3020
    294	-0.3052	0.0520	-0.9509
    295	0.3139	0.9483	0.0473
    295	0.9121	-0.2873	-0.2926
    295	-0.2638	0.1350	-0.9551
    296	0.2510	0.9544	0.1614
    296	0.9408	-0.2013	-0.2725
    296	-0.2276	0.2202	-0.9485
    297	0.1827	0.9448	0.2720
    297	0.9632	-0.1165	-0.2422
    297	-0.1972	0.3062	-0.9313
    298	0.1101	0.9196	0.3772
    298	0.9787	-0.0342	-0.2022
    298	-0.1731	0.3915	-0.9038
    299	0.0345	0.8791	0.4754
    299	0.9872	0.0441	-0.1532
    299	-0.1556	0.4746	-0.8663
    300	-0.0429	0.8241	0.5648
    300	0.9885	0.1172	-0.0959
    300	-0.1452	0.5541	-0.8197
    301	-0.1206	0.7556	0.6438
    301	0.9825	0.1837	-0.0315
    301	-0.1420	0.6287	-0.7645
    302	-0.1975	0.6747	0.7112
    302	0.9694	0.2425	0.0391
    302	-0.1461	0.6971	-0.7019
    303	-0.2721	0.5828	0.7657
    303	0.9493	0.2926	0.1146
    303	-0.1573	0.7581	-0.6329
    304	-0.3432	0.4814	0.8065
    304	0.9227	0.3332	0.1938
    304	-0.1755	0.8107	-0.5586
    305	-0.4096	0.3723	0.8328
    305	0.8900	0.3635	0.2751
    305	-0.2003	0.8539	-0.4803
    306	-0.4701	0.2574	0.8443
    306	0.8518	0.3831	0.3574
    306	-0.2314	0.8871	-0.3994
    307	-0.5237	0.1387	0.8406
    307	0.8086	0.3916	0.4391
    307	-0.2683	0.9096	-0.3172
    308	-0.5695	0.0181	0.8218
    308	0.7613	0.3888	0.5189
    308	-0.3102	0.9211	-0.2352
    309	-0.6066	-0.1023	0.7884
    309	0.7106	0.3749	0.5954
    309	-0.3565	0.9214	-0.1547
    310	-0.6346	-0.2204	0.7408
    310	0.6574	0.3500	0.6673
    310	-0.4063	0.9105	-0.0772
    311	-0.6528	-0.3341	0.6798
    311	0.6027	0.3145	0.7334
    311	-0.4589	0.8885	-0.0040
    312	-0.6610	-0.4417	0.6066
    312	0.5473	0.2692	0.7925
    312	-0.5133	0.8558	0.0638
    313	-0.6591	-0.5411	0.5223
    313	0.4923	0.2147	0.8436
    313	-0.5686	0.8131	0.1249
    314	-0.6470	-0.6307	0.4284
    314	0.4384	0.1520	0.8858
    314	-0.6238	0.7610	0.1782
    315	-0.6250	-0.7090	0.3266
    315	0.3868	0.0821	0.9185
    315	-0.6781	0.7004	0.2229
    316	-0.5934	-0.7747	0.2185
    316	0.3382	0.0063	0.9410
    316	-0.7304	0.6323	0.2583
    317	-0.5529	-0.8265	0.1060
    317	0.2935	-0.0742	0.9531
    317	-0.7799	0.5580	0.2836
    318	-0.5040	-0.8637	-0.0090
    318	0.2535	-0.1579	0.9544
    318	-0.8257	0.4787	0.2985
    319	-0.4476	-0.8855	-0.1245
    319	0.2188	-0.2434	0.9449
    319	-0.8670	0.3957	0.3027
    320	-0.3847	-0.8917	-0.2385
    320	0.1900	-0.3294	0.9249
    320	-0.9033	0.3105	0.2962
    321	-0.3164	-0.8820	-0.3491
    321	0.1677	-0.4142	0.8946
    321	-0.9337	0.2245	0.2790
    322	-0.2438	-0.8568	-0.4544
    322	0.1521	-0.4965	0.8546
    322	-0.9578	0.1392	0.2514
    323	-0.1682	-0.8163	-0.5526
    323	0.1437	-0.5749	0.8055
    323	-0.9752	0.0561	0.2140
    324	-0.0909	-0.7614	-0.6419
    324	0.1424	-0.6479	0.7483
    324	-0.9856	-0.0234	0.1673
    325	-0.0131	-0.6928	-0.7210
    325	0.1484	-0.7144	0.6838
    325	-0.9888	-0.0980	0.1122
    326	0.0637	-0.6119	-0.7883
    326	0.1615	-0.7732	0.6132
    326	-0.9848	-0.1664	0.0495
    327	0.1384	-0.5200	-0.8429
    327	0.1815	-0.8233	0.5377
    327	-0.9736	-0.2274	-0.0195
    328	0.2094	-0.4186	-0.8837
    328	0.2081	-0.8639	0.4586
    328	-0.9554	-0.2800	-0.0938
    329	0.2758	-0.3096	-0.9100
    329	0.2408	-0.8943	0.3772
    329	-0.9305	-0.3232	-0.1721
    330	0.3363	-0.1947	-0.9214
    330	0.2791	-0.9138	0.2950
    330	-0.8994	-0.3564	-0.2530
    331	0.3899	-0.0759	-0.9177
    331	0.3223	-0.9223	0.2132
    331	-0.8626	-0.3789	-0.3352
    332	0.4357	0.0447	-0.8990
    332	0.3696	-0.9196	0.1334
    332	-0.8207	-0.3904	-0.4172
    333	0.4729	0.1650	-0.8655
    333	0.4203	-0.9056	0.0569
    333	-0.7744	-0.3907	-0.4976
    334	0.5009	0.2831	-0.8179
    334	0.4734	-0.8807	-0.0149
    334	-0.7246	-0.3798	-0.5751
    335	0.5191	0.3969	-0.7570
    335	0.5282	-0.8453	-0.0810
    335	-0.6720	-0.3578	-0.6484
    336	0.5273	0.5044	-0.6837
    336	0.5836	-0.7999	-0.1401
    336	-0.6176	-0.3251	-0.7162
    337	0.6066	0.6113	-0.5083
    337	0.5852	-0.7761	-0.2350
    337	-0.5381	-0.1549	-0.8285
    338	0.5965	0.6921	-0.4064
    338	0.6463	-0.7145	-0.2680
    338	-0.4758	-0.1028	-0.8735
    339	0.5752	0.7617	-0.2983
    339	0.7053	-0.6465	-0.2908
    339	-0.4143	-0.0431	-0.9091
    340	0.5430	0.8189	-0.1857
    340	0.7612	-0.5734	-0.3031
    340	-0.3547	0.0232	-0.9347
    341	0.5004	0.8629	-0.0706
    341	0.8129	-0.4964	-0.3046
    341	-0.2979	0.0950	-0.9499
    342	0.4483	0.8928	0.0450
    342	0.8597	-0.4168	-0.2954
    342	-0.2449	0.1711	-0.9543
    343	0.3874	0.9081	0.1593
    343	0.9007	-0.3359	-0.2755
    343	-0.1967	0.2502	-0.9480
    344	0.3188	0.9085	0.2701
    344	0.9352	-0.2552	-0.2455
    344	-0.1541	0.3309	-0.9310
    345	0.2437	0.8941	0.3757
    345	0.9627	-0.1760	-0.2056
    345	-0.1177	0.4118	-0.9037
    346	0.1633	0.8652	0.4742
    346	0.9826	-0.0996	-0.1567
    346	-0.0883	0.4915	-0.8664
    347	0.0792	0.8221	0.5639
    347	0.9947	-0.0275	-0.0995
    347	-0.0663	0.5687	-0.8198
    348	-0.0074	0.7656	0.6433
    348	0.9986	0.0392	-0.0351
    348	-0.0521	0.6421	-0.7648
    349	-0.0949	0.6967	0.7110
    349	0.9944	0.0994	0.0354
    349	-0.0460	0.7104	-0.7023
    350	-0.1819	0.6166	0.7659
    350	0.9821	0.1519	0.1109
    350	-0.0479	0.7725	-0.6333
    351	-0.2668	0.5267	0.8071
    351	0.9620	0.1960	0.1901
    351	-0.0580	0.8272	-0.5590
    352	-0.3482	0.4284	0.8338
    352	0.9343	0.2308	0.2716
    352	-0.0761	0.8736	-0.4807
    353	-0.4247	0.3235	0.8456
    353	0.8996	0.2558	0.3539
    353	-0.1018	0.9110	-0.3997
    354	-0.4949	0.2138	0.8422
    354	0.8584	0.2705	0.4358
    354	-0.1346	0.9387	-0.3174
    355	-0.5578	0.1011	0.8238
    355	0.8115	0.2747	0.5158
    355	-0.1741	0.9562	-0.2353
    356	-0.6122	-0.0126	0.7906
    356	0.7596	0.2683	0.5925
    356	-0.2196	0.9633	-0.1547
    357	-0.6571	-0.1254	0.7433
    357	0.7037	0.2514	0.6646
    357	-0.2702	0.9597	-0.0770
    358	-0.6919	-0.2354	0.6825
    358	0.6446	0.2243	0.7309
    358	-0.3252	0.9457	-0.0035
    359	-0.7159	-0.3407	0.6095
    359	0.5835	0.1875	0.7902
    359	-0.3835	0.9213	0.0645
    360	-0.7287	-0.4394	0.5253
    360	0.5213	0.1416	0.8416
    360	-0.4442	0.8871	0.1258
    361	-0.7301	-0.5299	0.4315
    361	0.4591	0.0874	0.8841
    361	-0.5062	0.8436	0.1794
    362	-0.7200	-0.6106	0.3297
    362	0.3980	0.0258	0.9170
    362	-0.5685	0.7915	0.2244
    363	-0.6987	-0.6802	0.2215
    363	0.3390	-0.0421	0.9398
    363	-0.6300	0.7318	0.2600
    364	-0.6665	-0.7375	0.1090
    364	0.2832	-0.1152	0.9521
    364	-0.6896	0.6655	0.2856
    365	-0.6239	-0.7814	-0.0061
    365	0.2314	-0.1923	0.9537
    365	-0.7464	0.5936	0.3008
    366	-0.5718	-0.8113	-0.1218
    366	0.1846	-0.2719	0.9445
    366	-0.7994	0.5175	0.3052
    367	-0.5109	-0.8266	-0.2360
    367	0.1436	-0.3528	0.9246
    367	-0.8476	0.4385	0.2989
    368	-0.4423	-0.8271	-0.3469
    368	0.1091	-0.4335	0.8945
    368	-0.8902	0.3578	0.2819
    369	-0.3672	-0.8127	-0.4524
    369	0.0816	-0.5127	0.8547
    369	-0.9266	0.2769	0.2546
    370	-0.2868	-0.7837	-0.5509
    370	0.0617	-0.5890	0.8058
    370	-0.9560	0.1971	0.2173
    371	-0.2027	-0.7406	-0.6406
    371	0.0496	-0.6611	0.7486
    371	-0.9780	0.1199	0.1708
    372	-0.1161	-0.6842	-0.7200
    372	0.0457	-0.7279	0.6842
    372	-0.9922	0.0465	0.1157
    373	-0.0286	-0.6153	-0.7878
    373	0.0499	-0.7880	0.6136
    373	-0.9983	-0.0218	0.0532
    374	0.0584	-0.5352	-0.8427
    374	0.0622	-0.8406	0.5381
    374	-0.9964	-0.0838	-0.0158
    375	0.1433	-0.4453	-0.8839
    375	0.0823	-0.8846	0.4590
    375	-0.9863	-0.1385	-0.0901
    376	0.2247	-0.3470	-0.9106
    376	0.1100	-0.9195	0.3775
    376	-0.9682	-0.1849	-0.1684
    377	0.3012	-0.2421	-0.9223
    377	0.1447	-0.9444	0.2951
    377	-0.9425	-0.2223	-0.2494
    378	0.3714	-0.1324	-0.9190
    378	0.1859	-0.9591	0.2133
    378	-0.9097	-0.2500	-0.3317
    379	0.4343	-0.0197	-0.9006
    379	0.2328	-0.9633	0.1333
    379	-0.8702	-0.2675	-0.4138
    380	0.4887	0.0941	-0.8674
    380	0.2847	-0.9569	0.0566
    380	-0.8247	-0.2746	-0.4944
    381	0.5336	0.2069	-0.8200
    381	0.3406	-0.9401	-0.0155
    381	-0.7741	-0.2711	-0.5721
    382	0.5684	0.3168	-0.7593
    382	0.3997	-0.9130	-0.0818
    382	-0.7191	-0.2570	-0.6456
    383	0.5924	0.4221	-0.6862
    383	0.4608	-0.8762	-0.1411
    383	-0.6608	-0.2326	-0.7136
    384	0.6052	0.5208	-0.6021
    384	0.5230	-0.8303	-0.1925
    384	-0.6001	-0.1984	-0.7749
    385	0.4883	0.4297	-0.7595
    385	0.7239	-0.6855	0.0777
    385	-0.4873	-0.5878	-0.6458
    386	0.4618	0.5432	-0.7012
    386	0.7729	-0.6343	0.0176
    386	-0.4352	-0.5501	-0.7128
    387	0.4262	0.6475	-0.6317
    387	0.8184	-0.5736	-0.0358
    387	-0.3855	-0.5017	-0.7744
    388	0.3822	0.7410	-0.5522
    388	0.8597	-0.5043	-0.0817
    388	-0.3390	-0.4434	-0.8297
    389	0.3305	0.8219	-0.4640
    389	0.8960	-0.4276	-0.1193
    389	-0.2965	-0.3763	-0.8778
    390	0.2719	0.8889	-0.3687
    390	0.9269	-0.3449	-0.1480
    390	-0.2587	-0.3016	-0.9177
    391	0.2076	0.9408	-0.2680
    391	0.9517	-0.2576	-0.1672
    391	-0.2263	-0.2203	-0.9488
    392	0.1385	0.9768	-0.1635
    392	0.9700	-0.1671	-0.1766
    392	-0.1998	-0.1341	-0.9706
    393	0.0659	0.9962	-0.0570
    393	0.9815	-0.0750	-0.1761
    393	-0.1797	-0.0443	-0.9827
    394	-0.0090	0.9987	0.0497
    394	0.9860	0.0171	-0.1657
    394	-0.1664	0.0475	-0.9849
    395	-0.0849	0.9843	0.1547
    395	0.9835	0.1077	-0.1456
    395	-0.1599	0.1398	-0.9772
    396	-0.1605	0.9532	0.2562
    396	0.9739	0.1952	-0.1160
    396	-0.1606	0.2309	-0.9596
    397	-0.2345	0.9059	0.3526
    397	0.9574	0.2780	-0.0776
    397	-0.1683	0.3194	-0.9326
    398	-0.3057	0.8433	0.4420
    398	0.9344	0.3549	-0.0309
    398	-0.1829	0.4036	-0.8965
    399	-0.3727	0.7664	0.5231
    399	0.9052	0.4244	0.0233
    399	-0.2042	0.4822	-0.8519
    400	-0.4346	0.6765	0.5945
    400	0.8703	0.4853	0.0839
    400	-0.2318	0.5538	-0.7997
    401	-0.4902	0.5752	0.6548
    401	0.8303	0.5368	0.1500
    401	-0.2652	0.6172	-0.7407
    402	-0.5386	0.4643	0.7031
    402	0.7859	0.5777	0.2205
    402	-0.3039	0.6713	-0.6760
    403	-0.5789	0.3455	0.7386
    403	0.7378	0.6076	0.2941
    403	-0.3472	0.7152	-0.6066
    404	-0.6104	0.2209	0.7606
    404	0.6870	0.6257	0.3695
    404	-0.3943	0.7481	-0.5337
    405	-0.6327	0.0928	0.7688
    405	0.6341	0.6319	0.4456
    405	-0.4445	0.7695	-0.4586
    406	-0.6453	-0.0368	0.7630
    406	0.5802	0.6261	0.5209
    406	-0.4969	0.7789	-0.3826
    407	-0.6480	-0.1657	0.7434
    407	0.5262	0.6082	0.5943
    407	-0.5506	0.7763	-0.3070
    408	-0.6408	-0.2915	0.7102
    408	0.4730	0.5787	0.6644
    408	-0.6047	0.7617	-0.2329
    409	-0.6238	-0.4122	0.6640
    409	0.4215	0.5380	0.7300
    409	-0.6582	0.7353	-0.1619
    410	-0.5973	-0.5257	0.6057
    410	0.3726	0.4869	0.7900
    410	-0.7102	0.6975	-0.0949
    411	-0.5617	-0.6301	0.5362
    411	0.3271	0.4261	0.8435
    411	-0.7599	0.6491	-0.0333
    412	-0.5177	-0.7235	0.4566
    412	0.2858	0.3568	0.8894
    412	-0.8064	0.5909	0.0221
    413	-0.4659	-0.8044	0.3685
    413	0.2494	0.2802	0.9270
    413	-0.8489	0.5238	0.0701
    414	-0.4074	-0.8714	0.2732
    414	0.2185	0.1975	0.9556
    414	-0.8867	0.4490	0.1100
    415	-0.3430	-0.9234	0.1725
    415	0.1938	0.1101	0.9749
    415	-0.9191	0.3678	0.1411
    416	-0.2739	-0.9593	0.0679
    416	0.1754	0.0196	0.9843
    416	-0.9456	0.2816	0.1629
    417	-0.2013	-0.9788	-0.0386
    417	0.1639	-0.0725	0.9838
    417	-0.9657	0.1918	0.1750
    418	-0.1265	-0.9813	-0.1452
    418	0.1594	-0.1646	0.9734
    418	-0.9791	0.0999	0.1772
    419	-0.0506	-0.9669	-0.2502
    419	0.1620	-0.2552	0.9532
    419	-0.9855	0.0077	0.1695
    420	0.0250	-0.9358	-0.3518
    420	0.1716	-0.3426	0.9237
    420	-0.9849	-0.0835	0.1520
    421	0.0990	-0.8885	-0.4481
    421	0.1880	-0.4255	0.8852
    421	-0.9772	-0.1719	0.1249
    422	0.1702	-0.8259	-0.5376
    422	0.2110	-0.5023	0.8385
    422	-0.9625	-0.2562	0.0888
    423	0.2373	-0.7490	-0.6187
    423	0.2402	-0.5718	0.7844
    423	-0.9413	-0.3348	0.0443
    424	0.2991	-0.6591	-0.6900
    424	0.2752	-0.6328	0.7238
    424	-0.9137	-0.4064	-0.0079
    425	0.3547	-0.5578	-0.7503
    425	0.3152	-0.6842	0.6577
    425	-0.8803	-0.4698	-0.0669
    426	0.4031	-0.4468	-0.7987
    426	0.3596	-0.7252	0.5872
    426	-0.8416	-0.5239	-0.1317
    427	0.4434	-0.3280	-0.8341
    427	0.4076	-0.7550	0.5136
    427	-0.7983	-0.5677	-0.2011
    428	0.4750	-0.2035	-0.8562
    428	0.4585	-0.7732	0.4381
    428	-0.7511	-0.6006	-0.2739
    429	0.4972	-0.0753	-0.8643
    429	0.5113	-0.7794	0.3621
    429	-0.7009	-0.6220	-0.3490
    430	0.5098	0.0543	-0.8586
    430	0.5652	-0.7735	0.2867
    430	-0.6485	-0.6314	-0.4251
    431	0.5126	0.1831	-0.8389
    431	0.6192	-0.7557	0.2134
    431	-0.5949	-0.6288	-0.5007
    432	0.5054	0.3090	-0.8057
    432	0.6724	-0.7262	0.1433
    432	-0.5408	-0.6142	-0.5747
    433	0.5383	0.4887	-0.6866
    433	0.6766	-0.7363	0.0064
    433	-0.5025	-0.4680	-0.7270
    434	0.5171	0.5954	-0.6149
    434	0.7305	-0.6814	-0.0455
    434	-0.4460	-0.4257	-0.7873
    435	0.4859	0.6923	-0.5334
    435	0.7814	-0.6175	-0.0896
    435	-0.3914	-0.3733	-0.8411
    436	0.4454	0.7777	-0.4437
    436	0.8284	-0.5459	-0.1253
    436	-0.3396	-0.3118	-0.8874
    437	0.3960	0.8501	-0.3472
    437	0.8707	-0.4677	-0.1519
